# oST version 5.0 parameters


[image]

width
640

height
480

[narrow_stereo]

camera matrix
386.557269 0.000000 311.507408
0.000000 387.469435 233.296430
0.000000 0.000000 1.000000

distortion
0.392918 -0.051675 -0.000108 -0.000674 0.007423 0.825919 0.000000 0.000000

rectification
1.000000 0.000000 0.000000
0.000000 1.000000 0.000000
0.000000 0.000000 1.000000

projection
258.027161 0.000000 300.158422 0.000000
0.000000 317.756470 229.639210 0.000000
0.000000 0.000000 1.000000 0.000000
