# oST version 5.0 parameters

[image]

width
640

height
480

[narrow_stereo]

camera matrix
384.239802 0.000000 301.041754
0.000000 384.530940 252.654040
0.000000 0.000000 1.000000

distortion
0.336498 -0.036529 -0.000374 0.000342 0.004205 0.766730 0.000000 0.000000

rectification
1.000000 0.000000 0.000000
0.000000 1.000000 0.000000
0.000000 0.000000 1.000000

projection
252.852936 0.000000 281.717678 0.000000
0.000000 313.359802 257.703376 0.000000
0.000000 0.000000 1.000000 0.000000
