# oST version 5.0 parameters


[image]

width
640

height
480

[narrow_stereo]

camera matrix
383.091686 0.000000 306.597225
0.000000 383.307151 245.028635
0.000000 0.000000 1.000000

distortion
0.335591 -0.036286 -0.000271 0.000165 0.004466 0.758902 0.000000 0.000000

rectification
1.000000 0.000000 0.000000
0.000000 1.000000 0.000000
0.000000 0.000000 1.000000

projection
255.181595 0.000000 292.902020 0.000000
0.000000 314.047241 246.581452 0.000000
0.000000 0.000000 1.000000 0.000000
