# oST version 5.0 parameters


[image]

width
640

height
480

[narrow_stereo]

camera matrix
384.837571 0.000000 322.698344
0.000000 385.302701 241.060288
0.000000 0.000000 1.000000

distortion
0.282740 -0.022176 -0.000556 0.000309 0.001578 0.707602 0.000000 0.000000

rectification
1.000000 0.000000 0.000000
0.000000 1.000000 0.000000
0.000000 0.000000 1.000000

projection
256.497162 0.000000 326.060706 0.000000
0.000000 315.963654 240.517563 0.000000
0.000000 0.000000 1.000000 0.000000
